#{"t_start": 1696003392.7884674, "env_id": "AntTargetPosBulletEnv-v0"}
r,l,t
